0,531
0,530
0,319
64,363
64,362
64,361
64,360
64,359
64,358
64,357
64,356
64,355
64,354
64,353
64,352
64,351
64,350
64,349
64,348
64,347
64,346
64,345
64,344
64,343
82,36
64,337
64,335
64,334
64,333
64,332
0,315
0,314
0,313
0,312
0,308
65,3
66,11
66,10
66,9
66,8
66,5
66,1
66,38
66,3
14,5
64,2
64,0
82,35
64,331
64,330
64,4
64,336
64,134
64,133
64,131
64,11
64,5
64,119
10,181
10,169
11,18
11,17
9,5
9,7
8,13
8,8
8,10
8,7
8,15
8,5
64,153
64,1
64,80
64,71
64,70
64,3
20,3
20,2
20,1
19,3
19,2
19,1
12,3
12,2
12,1
11,28
11,27
11,26
11,25
11,24
11,23
11,22
11,21
11,20
11,19
11,16
11,13
11,12
11,10
11,3
11,2
11,1
10,303
10,302
10,301
10,300
10,299
10,298
10,297
10,296
10,295
10,294
10,293
10,292
10,291
10,290
10,289
10,288
10,287
10,286
10,285
10,284
10,283
10,282
10,281
10,280
10,279
10,278
10,277
10,276
10,275
10,274
10,273
10,272
10,271
10,270
10,269
10,268
10,267
10,266
10,265
10,264
10,263
18,1
10,262
18,3
10,261
10,260
10,259
14,1
10,258
14,7
10,257
14,3
10,256
13,1
10,255
13,3
10,254
10,253
10,252
10,251
10,250
10,249
10,248
10,247
